tune_group:
  lightfm:
    param_dist:
      "epochs": [20, 40, 60, 80, 100]
      "learning_rate": [0.005, 0.001, 0.01, 0.1]
      "no_components": [10, 20, 40, 80, 100, 200]
      "user_alpha": [0.9, 0.1, 0.0001, 0.0001, 0.00001, 0.000001]
      "max_sampled": [10, 20, 30, 40, 50]




